55414 1 2 3 4 5 6 7 8 9 10 11 12 13 14 15 16 17 18 19 20 21 22 23 24 25 26 27 28 29 30 31 32 33 34 35 36 37 38 39 40 41 42 44 45 47 48 49 50 51 52 54 56 57 58 59 60 61 62 63 64 65 66 67 68 69 70 71 72 73 74 75 76 77 78 79 80 81 82 83 84 85 86 87 89 90 91 92 94 95 96 99
22957 1 2 3 4 5 6 7 8 9 10 12 15 16 17 18 19 21 22 23 24 25 26 27 28 29 30 31 32 33 34 35 36 37 38 39 40 41 43 44 45 46 47 48 50 52 53 54 55 57 58 60 61 62 63 65 66 67 69 70 71 74 75 77 78 79 80 82 84 85 87 88 90 92 93 95 96 97 98 99 100
48117 1 2 3 4 5 6 7 9 10 11 12 13 14 15 18 19 20 21 22 23 26 27 28 29 30 31 32 34 35 36 37 39 40 41 44 46 48 52 55 58 60 65 67 72 73 79 81 82 85 93 100
22961 1 3 4 5 6 8 10 11 12 13 15 16 17 18 19 20 21 22 23 24 25 26 27 29 30 31 32 33 34 35 36 37 38 39 40 41 43 44 45 46 48 49 50 53 54 56 57 58 60 62 63 64 69 72 73 75 76 77 81 82 83 85 86 87 88 89 92 94 96 99
15853 1 2 4 5 6 9 10 11 12 13 14 15 16 17 21 22 23 24 26 30 34 35 37 38 41 44 46 48 49 50 56 57 61 62 63 68 69 71 75 77 79 80 85 88 90 94 96 97 98
51692 1 2 3 4 5 6 7 8 10 11 12 13 14 15 16 17 18 20 21 23 24 25 26 27 29 30 31 32 33 34 35 36 40 42 43 46 47 48 50 52 53 55 56 58 59 60 61 62 63 64 65 66 70 71 72 74 75 76 77 80 81 82 84 86 87 88 89 90 91 92 93 96 97
42582 1 3 4 6 8 9 10 11 13 14 15 16 17 19 20 21 22 23 24 26 27 28 29 30 32 33 34 36 38 41 42 46 47 49 50 55 56 57 61 64 66 67 68 69 70 71 72 73 75 79 80 83 84 85 88 92 94
32931 1 2 3 4 5 6 7 8 9 10 11 12 15 17 19 20 21 22 23 25 30 32 34 35 39 40 41 42 43 47 49 50 51 55 57 60 62 65 67 68 73 77 78 85 87 90 91 93 98
6323 1 2 3 4 5 6 7 8 9 10 11 12 13 14 15 16 17 18 19 20 21 23 24 26 28 30 31 32 33 34 35 36 37 38 40 42 45 46 47 48 49 50 51 54 55 56 58 59 60 62 64 65 66 67 68 71 73 74 75 77 79 80 84 85 86 87 88 91 92 93 95 100
24793 3 4 5 6 7 9 10 12 22 24 27 32 33 35 36 44 46 48 53 56 63 68 69 71 72 76 79 82 85 86 87 88 90 96 98
1267 1 2 5 6 7 8 9 13 14 15 16 17 18 20 21 22 23 26 27 28 29 30 33 37 38 39 40 42 45 55 67 82 97 99 100
59468 2 3 5 6 9 11 12 13 14 15 17 18 19 20 21 22 24 27 28 29 30 31 32 33 36 37 39 40 43 44 45 46 48 51 52 53 58 60 62 63 68 69 72 76 77 78 79 81 82 92 93 94
8881 1 2 3 4 5 6 7 8 10 11 12 13 14 15 16 17 18 19 20 21 22 23 24 25 26 27 29 30 32 33 34 36 37 38 41 42 43 46 47 48 49 50 51 52 53 54 55 56 57 58 59 61 62 63 64 65 67 68 69 70 71 72 73 74 75 76 77 78 79 80 82 83 84 86 88 89 90 91 92 96 97 98 99
55280 1 2 3 4 5 6 7 8 10 11 12 13 14 15 16 17 18 19 20 21 22 23 26 27 28 29 32 33 34 35 36 37 39 40 41 42 43 44 45 47 49 51 53 54 55 56 57 59 62 63 64 65 66 67 68 69 73 74 76 78 79 80 81 82 85 86 87 88 89 90 95 96 98 99 100
43449 1 2 3 4 5 6 7 8 9 11 12 14 15 16 17 18 19 20 23 24 27 28 29 30 31 32 35 36 38 39 40 41 42 43 45 46 47 49 52 53 54 60 69 70 74 75 78 79 80 82 85 87 93
6119 1 2 3 4 5 6 7 8 9 10 11 12 13 14 15 16 17 18 19 20 21 23 27 28 29 30 31 32 34 36 39 40 41 42 44 45 46 47 49 53 54 56 58 60 63 64 65 66 67 71 72 74 79 81 85 91 95 96 99 100
56561 1 3 8 9 10 12 14 15 16 17 18 21 23 24 25 26 29 30 31 33 35 36 40 42 46 50 51 52 53 54 55 57 59 61 62 63 66 69 70 71 74 75 76 77 79 84 85 86 87 88 89 90 91 93 94 95 96 98
16587 1 2 3 4 5 6 7 8 10 11 12 14 16 17 18 20 22 23 25 27 28 29 31 33 34 36 38 39 40 41 42 45 46 47 49 52 53 54 55 56 58 60 66 71 73 74 77 79 82 93 95 97 100
28384 1 2 3 4 5 6 7 8 9 10 11 12 13 14 15 16 17 18 20 21 22 23 24 25 26 27 28 30 32 33 34 38 40 41 42 43 44 45 46 47 48 49 50 51 53 54 55 56 57 60 61 62 64 65 66 67 68 69 70 71 72 73 75 76 77 78 81 82 83 84 85 86 87 88 89 90 91 92 96 97 98
9085 1 2 3 4 5 6 7 8 9 10 12 13 14 15 16 17 18 19 20 21 22 25 26 27 28 29 30 31 32 33 34 35 36 37 38 40 41 42 43 45 46 47 48 49 50 51 52 54 55 56 57 58 60 62 63 67 68 69 70 71 72 73 74 75 76 77 78 79 80 81 82 83 85 86 87 88 89 90 91 92 93 95 96 97 98 99 100
40101 2 5 6 7 12 18 24 29 31 39 48 49 52 58 75 76 80 81 84 89 96
4944 1 2 3 4 5 6 8 10 11 12 13 14 16 17 18 19 22 23 24 27 28 30 32 34 36 37 38 42 44 45 46 47 48 51 54 55 56 58 59 60 62 65 66 67 68 71 77 79 81 84 85 86 88 90 91 93 94 96 97 98 99
36559 1 2 3 4 5 6 7 8 9 10 11 12 13 14 15 16 17 18 19 20 21 22 23 24 25 26 27 28 29 30 31 33 34 36 38 39 40 41 42 43 44 45 46 47 49 50 51 52 53 54 55 56 57 58 60 61 62 64 65 66 67 70 71 72 73 74 75 77 78 81 82 83 84 85 86 91 93 94 95 96 97 100
8209 1 2 3 5 6 7 8 10 11 12 13 14 16 17 18 19 21 22 24 25 26 27 31 32 34 35 39 43 44 45 46 48 49 50 51 52 54 55 56 58 59 61 62 63 66 69 70 71 75 76 77 79 80 84 87 91 93 94 96 99
50160 1 2 3 4 5 6 7 8 9 10 11 12 13 14 15 16 17 18 19 20 21 22 23 25 26 27 28 29 30 31 32 33 34 35 37 38 39 40 41 42 43 44 45 48 49 50 51 52 53 54 55 56 57 58 59 60 62 63 65 67 68 69 70 72 78 79 80 81 82 85 87 88 90 92 95 96 97 98 99 100
67538 1 2 3 4 5 6 7 9 10 12 13 14 15 16 17 18 19 20 21 22 24 25 26 27 28 29 31 32 33 34 35 36 37 38 39 40 41 43 44 45 47 48 50 51 52 53 54 55 56 57 58 59 60 61 62 63 64 66 67 69 70 71 72 73 74 75 76 77 79 80 81 82 83 84 85 86 88 89 91 93 94 96 97 98 99 100
38934 1 3 4 8 23 24 28 34 37 42 45 48 59 64 78 87 90
16419 1 2 3 4 6 8 10 11 12 13 16 18 19 20 24 27 28 29 30 33 34 36 37 44 45 46 49 53 56 58 60 64 66 70 71 72 74 76 81 82 86 87 90 91 93 96
56686 1 2 3 4 5 6 7 8 9 10 12 13 14 15 16 17 18 19 20 21 22 23 24 25 26 27 28 29 30 31 32 33 34 35 37 38 39 40 41 42 43 44 45 46 47 48 49 50 51 52 53 54 55 56 57 58 59 61 62 63 64 65 67 68 69 72 73 74 75 76 77 78 79 80 81 82 83 84 85 88 90 91 92 93 94 96 97 98 99 100
17647 1 2 3 4 5 6 7 9 11 12 13 14 16 18 20 21 23 24 25 27 28 30 31 32 33 34 35 36 38 39 40 41 42 44 45 52 60 63 64 67 73 80 82 83 93 94 100
4549 1 2 3 4 5 6 7 8 9 10 11 12 13 14 15 16 17 18 19 20 21 22 23 24 25 26 27 28 29 30 31 32 33 34 35 36 37 38 39 40 41 42 43 44 45 46 47 48 49 50 51 52 53 54 55 56 57 58 59 60 61 62 63 64 65 66 67 68 69 70 71 72 73 74 75 76 77 78 79 80 81 82 83 84 86 87 88 89 90 91 92 93 94 95 96 97 98 99
23850 10 19 29 35 43 65 74 78 88 90
11577 1 2 3 5 8 9 11 12 14 15 16 17 21 22 23 24 25 26 29 30 37 39 41 42 43 47 49 50 51 52 53 55 57 59 62 64 65 66 67 69 70 71 72 73 75 76 77 78 79 80 83 84 88 89 91 92 93 94 96 97 99
27112 1 2 3 4 5 6 7 8 9 10 11 12 13 14 15 16 17 18 19 20 21 22 23 24 25 26 28 29 30 31 32 33 34 36 37 38 39 40 42 43 45 46 47 49 50 51 53 54 55 56 57 58 59 61 62 64 66 67 69 70 71 72 73 75 76 77 78 79 80 81 82 83 84 86 88 89 90 91 92 93 94 97 98 99
34680 1 2 3 4 5 6 7 8 9 10 11 12 14 15 16 17 18 19 20 21 22 23 25 26 27 28 29 30 31 32 33 34 35 36 37 38 39 40 41 42 43 44 45 47 48 49 50 51 52 53 54 55 56 57 58 59 60 61 63 64 65 66 67 68 69 70 72 74 76 78 79 81 82 83 84 85 86 87 88 89 90 92 93 94 95 96 97 98 99 100
30977 1 3 4 6 8 9 10 11 13 14 15 16 17 18 19 20 21 22 23 24 25 26 27 28 29 30 32 33 34 37 40 41 42 43 44 45 46 47 49 50 51 53 54 55 56 57 58 59 60 61 62 64 65 66 67 68 69 70 71 72 73 74 75 76 77 78 79 80 81 82 83 84 85 86 88 89 90 92 94 95 96 97 98 99 100
3541 1 2 3 4 5 6 7 8 9 10 11 12 13 14 15 16 17 18 19 20 21 22 23 24 25 26 27 28 30 31 33 34 35 36 38 39 40 41 42 43 44 47 48 49 50 51 52 53 54 55 57 58 59 60 62 63 64 65 66 68 70 71 72 73 74 75 77 78 80 81 82 84 85 87 88 90 91 92 93 95 96
61805 1 2 3 4 5 7 8 9 10 11 12 13 14 15 16 17 18 20 21 22 23 24 25 26 27 28 29 30 31 32 33 34 35 36 37 38 40 41 42 43 44 45 46 47 48 49 50 51 52 53 54 55 56 57 58 60 61 62 64 65 66 67 68 69 71 72 73 74 75 76 77 78 79 80 81 82 83 84 86 87 88 89 90 91 92 93 94 96 97 98 100
4198 1 2 3 5 6 7 10 11 13 14 15 21 24 26 27 30 32 34 35 38 40 43 44 46 48 54 55 57 60 61 65 69 72 74 85 86 87 93 96 98 99
43718 1 8 9 11 13 14 16 20 22 23 25 28 30 34 38 41 42 51 55 59 61 62 64 65 67 73 74 78 79 83 93
62332 1 2 3 4 5 6 7 8 9 10 11 12 13 14 15 16 17 18 19 20 21 22 23 24 25 26 27 28 29 31 32 33 34 35 36 37 38 39 40 41 42 43 44 45 47 48 49 50 51 52 53 54 55 56 57 58 59 60 61 62 63 64 65 66 68 69 70 71 72 73 74 75 76 77 78 79 80 81 82 83 84 85 86 87 88 89 90 91 92 93 94 95 96 97 98 99 100
7354 1 2 3 4 5 6 7 8 9 10 11 12 13 14 15 16 17 18 19 20 21 22 23 24 26 27 28 29 30 31 32 33 34 36 37 38 39 41 42 44 45 46 47 48 50 51 53 54 55 56 57 58 59 60 61 62 63 64 65 66 67 68 70 71 72 73 74 75 76 77 78 79 80 83 84 88 91 92 93 94 96 97 98 100
11277 1 2 3 4 5 6 7 8 9 10 15 16 17 18 19 20 21 22 27 29 31 32 33 35 36 37 38 40 43 44 45 46 49 50 57 58 60 63 68 69 70 74 78 81 82 83 85 87 89 90 92 93 96 98 99 100
62565 1 2 3 4 5 6 7 10 12 13 14 15 16 17 18 19 20 21 22 23 24 26 27 29 31 32 33 35 37 39 40 41 42 43 44 45 48 49 50 51 52 54 55 57 58 59 60 63 65 67 68 69 72 74 76 78 80 81 82 84 86 87 89 91 92 93 95 96 97 99 100
63717 1 2 3 5 9 13 14 15 18 19 21 22 23 26 28 30 31 32 35 38 39 43 48 52 61 67 72 73 81 97
52000 1 2 4 5 6 7 8 9 10 12 14 15 16 17 18 19 20 21 22 23 24 25 26 27 29 31 35 36 38 39 40 44 45 46 48 50 52 53 54 55 57 58 59 60 63 66 68 72 73 75 77 79 80 81 82 83 87 93 94 95 96 97 100
59349 1 2 5 6 9 23 46 47 54 58 64 67 97
31523 1 3 4 5 6 8 9 10 11 12 13 14 15 16 17 19 20 21 22 23 24 25 26 27 28 29 30 32 34 35 36 37 38 41 42 43 44 46 47 48 49 51 53 54 55 56 57 58 59 60 61 62 63 64 65 66 67 68 69 70 71 72 73 75 78 79 80 81 82 83 84 85 87 88 90 91 94 95 97 98 99
22936 1 2 3 4 5 7 9 12 13 14 15 17 18 19 21 22 23 24 25 26 29 31 32 34 35 38 39 41 42 43 45 47 50 51 52 54 55 56 57 59 60 61 62 63 64 67 71 73 74 75 76 82 83 84 89 92 93 94 96 97 98 100
43779 1 2 3 4 5 6 7 8 9 11 12 13 14 15 16 17 18 19 20 21 22 23 24 25 26 28 29 30 31 32 33 35 36 37 38 39 40 41 42 43 45 46 48 49 50 51 52 53 54 55 56 57 58 59 61 62 63 64 65 66 67 69 70 71 72 73 74 75 76 77 78 79 80 81 82 83 84 85 86 88 89 90 91 92 93 94 95 97 98 99 100
